36 36 0.263348643293 -0.184689642555 0.321656294811 34.811745862186 0.970425605774 0.263348643293 -0.184689642555 0.321656294811 34.811745862186 0.970425605774 0.108146878656 -0.294794810383 0.3140059356 0 
60 36 0.207602755743 -0.200422915414 0.288562383577 4.812760843421 0.974105477333 0.207602755743 -0.200422915414 0.288562383577 4.812760843421 0.974105477333 0.112783023568 -0.128852141966 0.171239262129 0 
84 36 0.136256911811 0.154247960912 0.205811514405 28.234987485242 0.978291511536 0.136256911811 0.154247960912 0.205811514405 28.234987485242 0.978291511536 0.129094839806 0.04777625106 0.137651908196 0 
108 36 0.224432526214 0.299193726428 0.374014498056 0.61517619821 0.970931351185 0.224432526214 0.299193726428 0.374014498056 0.61517619821 0.970931351185 0.203785012675 0.277833267128 0.344557187872 0 
132 36 0.316787391902 0.337283886372 0.46272526587 8.931106053003 0.969862163067 0.316787391902 0.337283886372 0.46272526587 8.931106053003 0.969862163067 0.229735463715 0.337107902937 0.407946223798 0 
156 36 0.195002849842 0.169088690853 0.258102880303 15.357090167392 0.981481194496 0.195002849842 0.169088690853 0.258102880303 15.357090167392 0.981481194496 0.186414983598 0.279368908444 0.335853439933 0 
180 36 0.030631336906 0.087767055825 0.09295878059 14.895345563522 0.985675692558 0.030631336906 0.087767055825 0.09295878059 14.895345563522 0.985675692558 0.099842459528 0.147274478953 0.177927763083 0 
204 36 0.068638681609 0.055215259084 0.088090824997 7.445471539527 0.985791444778 0.068638681609 0.055215259084 0.088090824997 7.445471539527 0.985791444778 0.094624649658 0.057688645724 0.110823301559 0 
228 36 0.143465680345 -0.053165595088 0.152999940974 7.78033670923 0.986774206161 0.143465680345 -0.053165595088 0.152999940974 7.78033670923 0.986774206161 0.146254924241 -0.032566950639 0.149836941836 0 
252 36 0.180398683023 -0.095036924855 0.20390120628 8.041239839928 0.983522474766 0.180398683023 -0.095036924855 0.20390120628 8.041239839928 0.983522474766 0.187402212706 -0.067246395988 0.199102152425 0 
276 36 0.206218390125 -0.047960261324 0.211722013717 1.099925361598 0.987660884857 0.206218390125 -0.047960261324 0.211722013717 1.099925361598 0.987660884857 0.19789979197 -0.04203827827 0.202315457892 0 
300 36 0.160791527207 -0.001536725228 0.160798870475 1.961155670985 0.990727245808 0.160791527207 -0.001536725228 0.160798870475 1.961155670985 0.990727245808 0.164411840289 0.004057136576 0.164461890979 0 
324 36 0.106738501316 -0.000273647866 0.106738852094 17.189131903877 0.981598138809 0.106738501316 -0.000273647866 0.106738852094 17.189131903877 0.981598138809 0.184781152959 0.056642266499 0.193267743928 0 
348 36 0.174160702562 0.073743518241 0.189129735365 2.224511287646 0.970529437065 0.174160702562 0.073743518241 0.189129735365 2.224511287646 0.970529437065 0.237105760916 0.111439038224 0.261988169771 0 
372 36 0.280752909974 0.176936336877 0.331856390275 4.896553149454 0.975120723248 0.280752909974 0.176936336877 0.331856390275 4.896553149454 0.975120723248 0.296663199283 0.153272973584 0.33391864015 0 
396 36 0.274345879161 0.134000948113 0.305322641655 2.336893873653 0.975072920322 0.274345879161 0.134000948113 0.305322641655 2.336893873653 0.975072920322 0.286465577614 0.125724233172 0.312840390557 0 
420 36 0.298312197779 0.077072116504 0.308107576159 5.077148393266 0.978418827057 0.298312197779 0.077072116504 0.308107576159 5.077148393266 0.978418827057 0.276267955944 0.09817549276 0.293193470016 0 
36 60 0.067684202775 -0.349425738398 0.355920634356 0.439557367906 0.964304685593 0.067684202775 -0.349425738398 0.355920634356 0.439557367906 0.964304685593 0.062595888408 -0.336983921401 0.342748316595 0 
60 60 0.078840635509 -0.433802305674 0.440908478276 11.165339977551 0.963352322578 0.078840635509 -0.433802305674 0.440908478276 11.165339977551 0.963352322578 0.078810377204 -0.200420185363 0.215358599215 0 
84 60 0.006870789083 -0.075033866356 0.07534778592 66.995698693791 0.973288118839 0.006870789083 -0.075033866356 0.07534778592 66.995698693791 0.973288118839 0.098322162738 -0.031515489114 0.103249570167 0 
108 60 0.34249684826 0.373231698749 0.506562920099 18.356692465291 0.960211336613 0.34249684826 0.373231698749 0.506562920099 18.356692465291 0.960211336613 0.134320431959 0.299094008187 0.327870712591 0 
132 60 0.19371218614 0.410938336526 0.45430686489 5.756529892533 0.972629845142 0.19371218614 0.410938336526 0.45430686489 5.756529892533 0.972629845142 0.12049405138 0.340601192091 0.361286573888 0 
156 60 0.054107644048 0.318279807107 0.322846206043 5.559799808574 0.981057226658 0.054107644048 0.318279807107 0.322846206043 5.559799808574 0.981057226658 0.070780156291 0.260373103192 0.269822132878 0 
180 60 -0.000859321917 0.084988617693 0.084992961894 3.895648403834 0.98701685667 -0.000859321917 0.084988617693 0.084992961894 3.895648403834 0.98701685667 0.007138207378 0.123187365648 0.12339400739 0 
204 60 -0.058710450934 0.019409107827 0.061835511767 81.180572639165 0.986423552036 -0.058710450934 0.019409107827 0.061835511767 81.180572639165 0.986423552036 0.003468912095 0.02078743549 0.021074886129 0 
228 60 0.061299528194 -0.121963153133 0.136501439109 13.104508465199 0.983342707157 0.061299528194 -0.121963153133 0.136501439109 13.104508465199 0.983342707157 0.062393516033 -0.074916455036 0.097495774668 0 
252 60 0.238626518917 -0.161391123422 0.288079347142 7.052440141419 0.974055469036 0.238626518917 -0.161391123422 0.288079347142 7.052440141419 0.974055469036 0.137031373362 -0.119642252679 0.181911698116 0 
276 60 0.269165316594 -0.07156624824 0.278516957373 10.174087503299 0.981936097145 0.269165316594 -0.07156624824 0.278516957373 10.174087503299 0.981936097145 0.206996867612 -0.096803797406 0.228514066074 0 
300 60 0.232026354389 0.03225941632 0.234258188913 4.144514026835 0.983696341515 0.232026354389 0.03225941632 0.234258188913 4.144514026835 0.983696341515 0.237628178737 0.015661497664 0.238143725173 0 
324 60 0.261800738525 0.092868972715 0.277784579819 1.629525113884 0.964570820332 0.261800738525 0.092868972715 0.277784579819 1.629525113884 0.964570820332 0.241996969062 0.093673648374 0.259494287866 0 
348 60 0.242063984229 0.210694847574 0.320916330614 8.064475953681 0.967486739159 0.242063984229 0.210694847574 0.320916330614 8.064475953681 0.967486739159 0.25098777211 0.162819985922 0.299174212733 0 
372 60 0.363513952619 0.299830491399 0.471211966445 0.787148606413 0.964712917805 0.363513952619 0.299830491399 0.471211966445 0.787148606413 0.964712917805 0.265828475492 0.21319019084 0.340756270452 0 
396 60 0.325165261739 0.273631484611 0.424978395701 5.508402734957 0.975275218487 0.325165261739 0.273631484611 0.424978395701 5.508402734957 0.975275218487 0.260546096125 0.179555654057 0.316424558323 0 
420 60 0.303362922487 0.208463145719 0.368084155952 4.741462773949 0.977270483971 0.303362922487 0.208463145719 0.368084155952 4.741462773949 0.977270483971 0.255263716758 0.145921117274 0.294028123756 0 
36 84 0.003509481892 -0.35286856587 0.352886017352 2.430783514218 0.968992590904 0.003509481892 -0.35286856587 0.352886017352 2.430783514218 0.968992590904 0.017650176733 -0.336717475682 0.33717975498 0 
60 84 0.069638764403 -0.374675257489 0.381091991627 1.556470879308 0.958860456944 0.069638764403 -0.374675257489 0.381091991627 1.556470879308 0.958860456944 0.036460857181 -0.230918848788 0.233779615947 0 
84 84 -0.014984030789 -0.017352427634 0.022926576794 72.813676372338 0.974495589733 -0.014984030789 -0.017352427634 0.022926576794 72.813676372338 0.974495589733 0.049675663728 -0.079489431909 0.09373495267 0 
108 84 0.061535685537 0.305928839393 0.312056237507 4.737317471264 0.946739912033 0.061535685537 0.305928839393 0.312056237507 4.737317471264 0.946739912033 0.03491110077 0.300093934899 0.30211778286 0 
132 84 -0.168547789779 0.308813206189 0.351815226726 26.829345764131 0.976405084133 -0.168547789779 0.308813206189 0.351815226726 26.829345764131 0.976405084133 -0.009892100101 0.31547063319 0.315625686613 0 
156 84 -0.186321140683 0.276780214821 0.333650797664 17.374946251491 0.980346679688 -0.186321140683 0.276780214821 0.333650797664 17.374946251491 0.980346679688 -0.062433287598 0.209796658745 0.218889363425 0 
180 84 -0.135066618012 0.102450046907 0.169525819309 5.474172964927 0.983776688576 -0.135066618012 0.102450046907 0.169525819309 5.474172964927 0.983776688576 -0.110450442098 0.068233393332 0.129827177914 0 
204 84 -0.18607267296 -0.016927917878 0.186841092981 0.070576172382 0.983001589775 -0.18607267296 -0.016927917878 0.186841092981 0.070576172382 0.983001589775 -0.12719613639 -0.011729631756 0.127735826508 0 
228 84 -0.042728365479 -0.124047777093 0.131200473392 8.544490769651 0.97830247879 -0.042728365479 -0.124047777093 0.131200473392 8.544490769651 0.97830247879 -0.067965497444 -0.130278331955 0.146941323731 0 
252 84 0.207860382252 -0.146625237896 0.254371576435 42.698832549363 0.968120634556 0.207860382252 -0.146625237896 0.254371576435 42.698832549363 0.968120634556 0.040290653762 -0.187908258428 0.192179214188 0 
276 84 0.251493530995 -0.157336416446 0.29665425005 8.044253596889 0.959834873676 0.251493530995 -0.157336416446 0.29665425005 8.044253596889 0.959834873676 0.175429918024 -0.147593305242 0.229258456529 0 
300 84 0.370370813153 0.0602559483 0.375240347699 1.138590107086 0.95749682188 0.370370813153 0.0602559483 0.375240347699 1.138590107086 0.95749682188 0.275833519502 0.039266502485 0.278614408634 0 
324 84 0.350744059737 0.162442638775 0.386534612077 0.962790764995 0.952553093433 0.350744059737 0.162442638775 0.386534612077 0.962790764995 0.952553093433 0.271532316498 0.131342219637 0.301629868484 0 
348 84 0.252094985353 0.300496172429 0.392236958081 10.887443200992 0.949826955795 0.252094985353 0.300496172429 0.392236958081 10.887443200992 0.949826955795 0.245506740396 0.199648085547 0.316437857474 0 
372 84 0.162983743615 0.261293076217 0.307957419722 10.186144058937 0.964119851589 0.162983743615 0.261293076217 0.307957419722 10.186144058937 0.964119851589 0.223664494594 0.247184303459 0.333355494958 0 
396 84 0.177445365438 0.165753951543 0.242819336478 0.430986317315 0.982520461082 0.177445365438 0.165753951543 0.242819336478 0.430986317315 0.982520461082 0.22665596129 0.214937447009 0.312363619704 0 
420 84 0.245354456137 0.133823320372 0.279477172989 9.89386408584 0.979919314384 0.245354456137 0.133823320372 0.279477172989 9.89386408584 0.979919314384 0.229647427985 0.182690590558 0.29345151739 0 
36 108 -0.014865544427 -0.12921497361 0.130067266505 4.496070436146 0.969448387623 -0.014865544427 -0.12921497361 0.130067266505 4.496070436146 0.969448387623 -0.024269142073 -0.12417324628 0.126522671284 0 
60 108 -0.058422361709 0.004761642608 0.058616086426 54.228010602358 0.979192316532 -0.058422361709 0.004761642608 0.058616086426 54.228010602358 0.979192316532 -0.047773031139 -0.056070612358 0.073662582594 0 
84 108 -0.120197352257 0.074026997707 0.141164442687 13.380685556232 0.980771720409 -0.120197352257 0.074026997707 0.141164442687 13.380685556232 0.980771720409 -0.088339944994 0.029125612192 0.093017456249 0 
108 108 -0.283222765451 0.243168951335 0.373291138072 2.354836851315 0.935780107975 -0.283222765451 0.243168951335 0.373291138072 2.354836851315 0.935780107975 -0.214221982787 0.199789789878 0.292928349684 0 
132 108 -0.26081061621 0.100837781466 0.279625527623 9.760470970669 0.974031090736 -0.26081061621 0.100837781466 0.279625527623 9.760470970669 0.974031090736 -0.246001947316 0.147220834016 0.286689609249 0 
156 108 -0.279806171389 0.007044147472 0.279894825891 1.175990078467 0.979619085789 -0.279806171389 0.007044147472 0.279894825891 1.175990078467 0.979619085789 -0.283539814403 0.001317018316 0.283542873106 0 
180 108 -0.377158742055 -0.146045279165 0.404447697824 0.643633476207 0.979103088379 -0.377158742055 -0.146045279165 0.404447697824 0.643633476207 0.979103088379 -0.352461078201 -0.141054874043 0.379638366262 0 
204 108 -0.389836788734 -0.254489003742 0.465550614731 30.330237270211 0.971866369247 -0.389836788734 -0.254489003742 0.465550614731 30.330237270211 0.971866369247 -0.455407739487 -0.022325984058 0.455954667428 0 
228 108 -0.564014382136 0.015979574468 0.564240702233 31.819204439167 0.966866910458 -0.564014382136 0.015979574468 0.564240702233 31.819204439167 0.966866910458 -0.430812537267 -0.250702071491 0.498448563962 0 
252 108 -0.426227120627 -0.45750487235 0.625284148673 2.302207181623 0.965118169785 -0.426227120627 -0.45750487235 0.625284148673 2.302207181623 0.965118169785 -0.288299467119 -0.335525009468 0.442372710188 0 
276 108 0.077102455798 -0.148756936586 0.167551230591 45.820540312154 0.953699111938 0.077102455798 -0.148756936586 0.167551230591 45.820540312154 0.953699111938 -0.059457157714 -0.178502756575 0.188144592556 0 
300 108 0.259887377412 0.097182090122 0.277463164364 20.976943543878 0.924425363541 0.259887377412 0.097182090122 0.277463164364 20.976943543878 0.924425363541 0.138983871848 0.122874725969 0.185512034423 0 
324 108 0.2162161373 0.295482408132 0.366141054164 7.175182945848 0.95222812891 0.2162161373 0.295482408132 0.366141054164 7.175182945848 0.95222812891 0.16266532059 0.172196737831 0.236879131716 0 
348 108 0.056176634389 0.177378155957 0.186061345964 23.60521952214 0.977069675922 0.056176634389 0.177378155957 0.186061345964 23.60521952214 0.977069675922 0.143210494139 0.163711944808 0.21751056642 0 
372 108 0.133427599794 0.198616067519 0.239272369202 5.588283288463 0.97725135088 0.133427599794 0.198616067519 0.239272369202 5.588283288463 0.97725135088 0.124854228164 0.151562892896 0.196366720178 0 
396 108 0.14870931712 0.164977021596 0.222107808627 2.018362206859 0.977042973042 0.14870931712 0.164977021596 0.222107808627 2.018362206859 0.977042973042 0.152912559721 0.158071100294 0.219928905942 0 
420 108 0.145468980702 0.069808923875 0.161352131065 16.648318635781 0.966921031475 0.145468980702 0.069808923875 0.161352131065 16.648318635781 0.966921031475 0.180970891279 0.164579307692 0.244615641386 0 
36 132 -0.078263255164 0.044350468212 0.089956106738 42.887591198054 0.978631198406 -0.078263255164 0.044350468212 0.089956106738 42.887591198054 0.978631198406 -0.076138033602 -0.018065763263 0.078251977374 0 
60 132 -0.132537313718 0.070284764587 0.15002029083 20.181510316286 0.97890818119 -0.132537313718 0.070284764587 0.15002029083 20.181510316286 0.97890818119 -0.10147501338 0.013820197491 0.102411797168 0 
84 132 -0.166385615051 0.05848528351 0.176365249647 0.150360690345 0.982443630695 -0.166385615051 0.05848528351 0.176365249647 0.150360690345 0.982443630695 -0.145649765769 0.05076748178 0.15424393497 0 
108 132 -0.310018475982 -0.027431384834 0.311229716325 26.756316528089 0.96112370491 -0.310018475982 -0.027431384834 0.311229716325 26.756316528089 0.96112370491 -0.284013381206 0.113021383749 0.305675373376 0 
132 132 -0.421895932189 0.045199860587 0.424310269725 1.983604101822 0.962414205074 -0.421895932189 0.045199860587 0.424310269725 1.983604101822 0.962414205074 -0.372923434179 0.053066018767 0.376680089875 0 
156 132 -0.46991161606 -0.269987378499 0.541950285042 26.758072157883 0.957109212875 -0.46991161606 -0.269987378499 0.541950285042 26.758072157883 0.957109212875 -0.428927339245 -0.0233906873 0.429564647759 0 
180 132 -0.428765632996 -0.395125685303 0.583064554938 34.173383933581 0.964535415173 -0.428765632996 -0.395125685303 0.583064554938 34.173383933581 0.964535415173 -0.469556800653 -0.070079350478 0.474757521692 0 
204 132 -0.556686826327 -0.087585165893 0.56353472288 8.144050591591 0.949581325054 -0.556686826327 -0.087585165893 0.56353472288 8.144050591591 0.949581325054 -0.548391220843 -0.007630360738 0.548444303009 0 
228 132 -0.702814300459 0.002176373888 0.702817670191 23.317710436114 0.965976655483 -0.702814300459 0.002176373888 0.702817670191 23.317710436114 0.965976655483 -0.481755095432 -0.205886439044 0.523905714568 0 
252 132 -0.448491874092 -0.308606883981 0.544410846665 3.128360615415 0.974256694317 -0.448491874092 -0.308606883981 0.544410846665 3.128360615415 0.974256694317 -0.329582467615 -0.25436466757 0.41632437722 0 
276 132 -0.068947055497 0.023110642199 0.072717248604 52.851038547943 0.982605040073 -0.068947055497 0.023110642199 0.072717248604 52.851038547943 0.982605040073 -0.130093695806 -0.088811105583 0.157517561444 0 
300 132 0.185859483933 0.213627571481 0.28316159179 31.204850401278 0.954338490963 0.185859483933 0.213627571481 0.28316159179 31.204850401278 0.954338490963 0.023763829525 0.137307092028 0.139348330148 0 
324 132 0.16653836607 0.227844639531 0.282220139495 12.830455422579 0.97656661272 0.16653836607 0.227844639531 0.282220139495 12.830455422579 0.97656661272 0.056903426292 0.131914552257 0.14366436239 0 
348 132 0.037923409285 0.039898850842 0.055046373816 8.540399897847 0.979813098907 0.037923409285 0.039898850842 0.055046373816 8.540399897847 0.979813098907 0.065591814401 0.09365562982 0.114340120314 0 
372 132 0.1052264596 0.088885692433 0.137743508447 4.142480540982 0.976859927177 0.1052264596 0.088885692433 0.137743508447 4.142480540982 0.976859927177 0.080597198028 0.078735446208 0.112672884136 0 
396 132 0.159922400557 0.17371711388 0.236120329186 6.00690891585 0.971387684345 0.159922400557 0.17371711388 0.236120329186 6.00690891585 0.971387684345 0.12872567396 0.113330132679 0.171505154761 0 
420 132 0.116259537472 0.107673618683 0.15846099903 2.894398243933 0.978381454945 0.116259537472 0.107673618683 0.15846099903 2.894398243933 0.978381454945 0.176854149893 0.14792481915 0.230562664919 0 
36 156 -0.120837288794 0.039657045098 0.127178345598 9.209066586459 0.972170591354 -0.120837288794 0.039657045098 0.127178345598 9.209066586459 0.972170591354 -0.099710561551 0.015721285803 0.100942334588 0 
60 156 -0.124808431837 0.001177093842 0.12481398242 11.540970201483 0.973119080067 -0.124808431837 0.001177093842 0.12481398242 11.540970201483 0.973119080067 -0.122456246459 0.026210593799 0.125229898682 0 
84 156 -0.13072340865 -0.023583751083 0.132833741513 24.417222529114 0.980797290802 -0.13072340865 -0.023583751083 0.132833741513 24.417222529114 0.980797290802 -0.168233992376 0.042540132571 0.173529072694 0 
108 156 -0.303348140994 0.007774682496 0.303447755524 13.510650424968 0.965130031109 -0.303348140994 0.007774682496 0.303447755524 13.510650424968 0.965130031109 -0.329172043343 0.088070825224 0.340750208179 0 
132 156 -0.914378419788 0.56475623799 1.074726710807 16.970177068288 0.964760243893 -0.914378419788 0.56475623799 1.074726710807 16.970177068288 0.964760243893 -0.568602993684 0.149498424782 0.587927838633 0 
156 156 -0.650313511928 0.242706132851 0.694128180324 6.824167039981 0.950337648392 -0.650313511928 0.242706132851 0.694128180324 6.824167039981 0.950337648392 -0.633869418869 0.153842411987 0.652271360634 0 
180 156 -0.606745780524 -0.077760059606 0.611708320242 17.464986429157 0.939337670803 -0.606745780524 -0.077760059606 0.611708320242 17.464986429157 0.939337670803 -0.51742171492 0.092742904859 0.525667649254 0 
204 156 -0.465715671731 -0.369402360376 0.594431821782 39.165816139617 0.937933802605 -0.465715671731 -0.369402360376 0.594431821782 39.165816139617 0.937933802605 -0.441718890456 0.005740894734 0.441756195268 0 
228 156 -0.238611826133 -0.19361844129 0.307284403083 22.413164856727 0.952972352505 -0.238611826133 -0.19361844129 0.307284403083 22.413164856727 0.952972352505 -0.348580091383 -0.104207686469 0.363823201608 0 
252 156 -0.109466469215 0.015630738661 0.11057679627 31.987711087513 0.987401366234 -0.109466469215 0.015630738661 0.11057679627 31.987711087513 0.987401366234 -0.248035042054 -0.109713979948 0.271216775814 0 
276 156 -0.1492232216 0.035833364353 0.153465305087 15.085375967496 0.98585164547 -0.1492232216 0.035833364353 0.153465305087 15.085375967496 0.98585164547 -0.150369402591 -0.004154123588 0.150426772812 0 
300 156 0.018204349786 0.191124128933 0.191989142952 43.28802546719 0.968051671982 0.018204349786 0.191124128933 0.191989142952 43.28802546719 0.968051671982 -0.086696089136 0.111578472263 0.141300981398 0 
324 156 -0.019099244344 0.051698486341 0.055113651888 15.558785417687 0.983028054237 -0.019099244344 0.051698486341 0.055113651888 15.558785417687 0.983028054237 -0.050907263637 0.070494392167 0.086954061539 0 
348 156 -0.034912753879 -0.037135586917 0.05097011084 87.056513308182 0.986018776894 -0.034912753879 -0.037135586917 0.05097011084 87.056513308182 0.986018776894 -0.023590151619 0.019998391825 0.030926217502 0 
372 156 -0.019522927412 -0.099523201467 0.10141997991 114.834324837074 0.977600932121 -0.019522927412 -0.099523201467 0.10141997991 114.834324837074 0.977600932121 0.008106556821 0.001981539829 0.008345223999 0 
396 156 -0.030730197013 -0.109693372703 0.113916552895 131.314984481918 0.934197723866 -0.030730197013 -0.109693372703 0.113916552895 131.314984481918 0.934197723866 0.076175326816 0.036603354858 0.084513229748 0 
420 156 0.156720827472 0.08098017019 0.176406365326 1.046784732081 0.978960871696 0.156720827472 0.08098017019 0.176406365326 1.046784732081 0.978960871696 0.144244096811 0.071225169888 0.16087070675 0 
36 180 -0.096173052249 0.032005697708 0.101358870676 22.747088975664 0.969087779522 -0.096173052249 0.032005697708 0.101358870676 22.747088975664 0.969087779522 -0.08338476454 -0.006328305202 0.083624556227 0 
60 180 -0.119313776794 -0.01418198333 0.120153676531 7.833757263686 0.981096863747 -0.119313776794 -0.01418198333 0.120153676531 7.833757263686 0.981096863747 -0.1151382176 0.002120743169 0.115157747041 0 
84 180 -0.120379819727 -0.001885396544 0.120394583424 9.620685535903 0.982300460339 -0.120379819727 -0.001885396544 0.120394583424 9.620685535903 0.982300460339 -0.18163484798 0.027869923409 0.183760579646 0 
108 180 -0.443965973338 0.171287593995 0.475862611831 2.722940869112 0.935527086258 -0.443965973338 0.171287593995 0.475862611831 2.722940869112 0.935527086258 -0.421847364969 0.140119763001 0.444509558181 0 
132 180 -1.023351882363 0.590428332288 1.181462945125 4.447603812992 0.939532518387 -1.023351882363 0.590428332288 1.181462945125 4.447603812992 0.939532518387 -0.816276936107 0.389963773906 0.90464345539 0 
156 180 -1.217220772373 0.551881448985 1.336487763667 2.933924184705 0.940474569798 -1.217220772373 0.551881448985 1.336487763667 2.933924184705 0.940474569798 -0.845262975205 0.436706506294 0.95141056852 0 
180 180 -0.639216324934 0.382630981006 0.744985890932 4.326927525871 0.940005481243 -0.639216324934 0.382630981006 0.744985890932 4.326927525871 0.940005481243 -0.493019646887 0.246644313734 0.551272881352 0 
204 180 -0.195775878728 -0.013769124573 0.196259479983 10.79532246568 0.981489002705 -0.195775878728 -0.013769124573 0.196259479983 10.79532246568 0.981489002705 -0.216064195855 0.025658060332 0.217582335658 0 
228 180 -0.121228209825 0.044242286197 0.129049055577 15.254107245138 0.984161317348 -0.121228209825 0.044242286197 0.129049055577 15.254107245138 0.984161317348 -0.131674212557 0.01104650431 0.132136760631 0 
252 180 -0.167951610569 -0.005471420594 0.168040709163 16.182497288583 0.981334924698 -0.167951610569 -0.005471420594 0.168040709163 16.182497288583 0.981334924698 -0.121680105163 0.031053443529 0.125580111274 0 
276 180 -0.185461483927 0.014104427943 0.185997034676 13.006277604727 0.978351831436 -0.185461483927 0.014104427943 0.185997034676 13.006277604727 0.978351831436 -0.14716359618 0.045992150415 0.154183014436 0 
300 180 -0.141386250371 0.113649519584 0.181400896071 16.811457867116 0.976013839245 -0.141386250371 0.113649519584 0.181400896071 16.811457867116 0.976013839245 -0.170621167468 0.068871916813 0.183997075285 0 
324 180 -0.156733746965 -0.007054981989 0.156892447902 8.300244921847 0.984225571156 -0.156733746965 -0.007054981989 0.156892447902 8.300244921847 0.984225571156 -0.141080538257 0.014138802236 0.141787249087 0 
348 180 -0.127846708346 -0.005134891478 0.127949786813 16.958060014902 0.985099196434 -0.127846708346 -0.005134891478 0.127949786813 16.958060014902 0.985099196434 -0.115275082489 -0.040274093231 0.122107932701 0 
372 180 -0.11280657596 0.024876981222 0.115517045386 49.892196425198 0.979980051517 -0.11280657596 0.024876981222 0.115517045386 49.892196425198 0.979980051517 -0.091986139711 -0.070471125013 0.115877648231 0 
396 180 -0.030925151611 -0.128108879928 0.131788657018 4.293844513942 0.947427511215 -0.030925151611 -0.128108879928 0.131788657018 4.293844513942 0.947427511215 -0.009605694169 -0.058802814894 0.059582215467 0 
420 180 0.135675221903 0.021248328624 0.137329011166 41.831075061527 0.984836757183 0.135675221903 0.021248328624 0.137329011166 41.831075061527 0.984836757183 0.072774751373 -0.047134504774 0.086705397627 0 
36 204 -0.103560061668 -0.075225219816 0.127998125256 34.074933447162 0.973835229874 -0.103560061668 -0.075225219816 0.127998125256 34.074933447162 0.973835229874 -0.018998733352 -0.052395673191 0.055733817724 0 
60 204 -0.093352083797 -0.043092473601 0.102818154186 12.393952735657 0.9866065979 -0.093352083797 -0.043092473601 0.102818154186 12.393952735657 0.9866065979 -0.099395718791 -0.021825701031 0.101763795818 0 
84 204 -0.137033977917 -0.012501841068 0.137603078214 15.368793292693 0.985816061497 -0.137033977917 -0.012501841068 0.137603078214 15.368793292693 0.985816061497 -0.242041031465 0.043358333966 0.245893891825 0 
108 204 -0.559567549724 0.357295860679 0.663909764022 10.528001219372 0.935666203499 -0.559567549724 0.357295860679 0.663909764022 10.528001219372 0.935666203499 -0.695927980317 0.281612683146 0.750747265793 0 
132 204 -0.885486010342 0.655451122743 1.101681282775 8.066957488597 0.955704331398 -0.885486010342 0.655451122743 1.101681282775 8.066957488597 0.955704331398 -0.870944069562 0.471752716182 0.990501992694 0 
156 204 -0.905253070279 0.541356789889 1.054774997432 0.357696075158 0.951897740364 -0.905253070279 0.541356789889 1.054774997432 0.357696075158 0.951897740364 -0.715422139221 0.421793486007 0.830505016316 0 
180 204 -0.352972855433 0.131781228185 0.376770658059 7.837983301403 0.958740651608 -0.352972855433 0.131781228185 0.376770658059 7.837983301403 0.958740651608 -0.328521794636 0.176971622382 0.37315616661 0 
204 204 -0.128742690085 0.088081268318 0.155990352518 0.427377134285 0.983790874481 -0.128742690085 0.088081268318 0.155990352518 0.427377134285 0.983790874481 -0.158548617161 0.110218591417 0.193095318166 0 
228 204 -0.128455593661 0.061046043706 0.142223271637 10.208296929946 0.987761199474 -0.128455593661 0.061046043706 0.142223271637 10.208296929946 0.987761199474 -0.104797289261 0.075101657443 0.128929169652 0 
252 204 -0.185296666862 0.007101742818 0.185432708822 30.805892856743 0.978501439095 -0.185296666862 0.007101742818 0.185432708822 30.805892856743 0.978501439095 -0.098132621519 0.063729910581 0.117010738434 0 
276 204 -0.121172107024 0.057525777055 0.134133868006 5.898039570976 0.974131345749 -0.121172107024 0.057525777055 0.134133868006 5.898039570976 0.974131345749 -0.114103842681 0.069359331769 0.133530535152 0 
300 204 -0.06280995977 0.093258355437 0.112437591156 25.595189981026 0.98343193531 -0.06280995977 0.093258355437 0.112437591156 25.595189981026 0.98343193531 -0.124043057141 0.07290475463 0.143881142867 0 
324 204 -0.136663950311 0.008585108589 0.136933339271 0.215417538397 0.98703956604 -0.136663950311 0.008585108589 0.136933339271 0.215417538397 0.98703956604 -0.129717656567 0.00765923191 0.12994358106 0 
348 204 -0.147318708026 -0.046598588268 0.154512880249 2.403435043799 0.984591186047 -0.147318708026 -0.046598588268 0.154512880249 2.403435043799 0.984591186047 -0.136980839669 -0.0497383728 0.145731452217 0 
372 204 -0.116123583659 -0.067533468184 0.134333376369 0.26934935102 0.980777740479 -0.116123583659 -0.067533468184 0.134333376369 0.26934935102 0.980777740479 -0.134367821226 -0.078991319844 0.155866417138 0 
396 204 -0.067815112503 -0.11410032023 0.13273195757 12.158518894406 0.978484451771 -0.067815112503 -0.11410032023 0.13273195757 12.158518894406 0.978484451771 -0.070166261637 -0.07555151418 0.103108368074 0 
420 204 0.020780622668 -0.033746394122 0.039631469752 36.352702920835 0.983762204647 0.020780622668 -0.033746394122 0.039631469752 36.352702920835 0.983762204647 -0.005964702048 -0.072111708517 0.072357972441 0 
36 228 0.07322523474 -0.033569567303 0.080553403724 100.649376804222 0.976728320122 0.07322523474 -0.033569567303 0.080553403724 100.649376804222 0.976728320122 -0.012478927859 -0.017638903836 0.021606817652 0 
60 228 -0.098746658187 -0.038731081261 0.106070727153 35.44474622511 0.981315612793 -0.098746658187 -0.038731081261 0.106070727153 35.44474622511 0.981315612793 -0.162299111643 0.040550889637 0.16728830291 0 
84 228 -0.318065714435 0.007177057494 0.318146678206 18.041371773014 0.973517119884 -0.318065714435 0.007177057494 0.318146678206 18.041371773014 0.973517119884 -0.359775345959 0.126231363709 0.381277663578 0 
108 228 -0.875422546811 0.355102389217 0.944702250602 1.629911492654 0.946836471558 -0.875422546811 0.355102389217 0.944702250602 1.629911492654 0.946836471558 -0.795531832938 0.349365240771 0.868865334029 0 
132 228 -0.908285798445 0.582620904214 1.079087674698 5.035337252053 0.957169950008 -0.908285798445 0.582620904214 1.079087674698 5.035337252053 0.957169950008 -0.87068434949 0.456012205421 0.982872508487 0 
156 228 -0.824714499162 0.560169600709 0.996967394996 1.12756429376 0.950122714043 -0.824714499162 0.560169600709 0.996967394996 1.12756429376 0.950122714043 -0.644437753672 0.419429266976 0.768908920714 0 
180 228 -0.236990792894 0.292123304188 0.376165735769 2.731497601614 0.969100654125 -0.236990792894 0.292123304188 0.376165735769 2.731497601614 0.969100654125 -0.246389603231 0.275737628654 0.369782471781 0 
204 228 -0.14489365053 0.225241651625 0.267820782596 1.926689335452 0.974424898624 -0.14489365053 0.225241651625 0.267820782596 1.926689335452 0.974424898624 -0.135725271108 0.196165093999 0.238541596626 0 
228 228 -0.037789609757 0.124121172667 0.129746368388 13.752458999212 0.982903838158 -0.037789609757 0.124121172667 0.129746368388 13.752458999212 0.982903838158 -0.06840625482 0.11527470965 0.134043554054 0 
252 228 0.021214577692 0.114398725645 0.116349158725 29.562743548576 0.973431766033 0.021214577692 0.114398725645 0.116349158725 29.562743548576 0.973431766033 -0.031135168742 0.090132118802 0.095358259067 0 
276 228 0.028275495709 0.191006769358 0.193088294824 19.264564592013 0.97747528553 0.028275495709 0.191006769358 0.193088294824 19.264564592013 0.97747528553 -0.02160971425 0.112811396088 0.11486248664 0 
300 228 -0.008189201583 0.125960561514 0.126226487234 21.196454442903 0.986603975296 -0.008189201583 0.125960561514 0.126226487234 21.196454442903 0.986603975296 -0.043918082462 0.094543196844 0.104245930552 0 
324 228 -0.060200267098 0.021336384012 0.063869503219 19.488077799189 0.988397538662 -0.060200267098 0.021336384012 0.063869503219 19.488077799189 0.988397538662 -0.07269992347 0.000034817956 0.072699931808 0 
348 228 -0.108316075732 -0.126312353546 0.166394660132 18.203233448373 0.982419729233 -0.108316075732 -0.126312353546 0.166394660132 18.203233448373 0.982419729233 -0.108204486293 -0.065486662468 0.126478115953 0 
372 228 -0.111327412527 -0.138878828734 0.177991915127 19.255656349424 0.977248489857 -0.111327412527 -0.138878828734 0.177991915127 19.255656349424 0.977248489857 -0.135188153418 -0.084567290529 0.15945991174 0 
396 228 -0.116451007312 -0.104774370691 0.156647712584 3.08053864158 0.977609455585 -0.116451007312 -0.104774370691 0.156647712584 3.08053864158 0.977609455585 -0.092427205776 -0.092618328731 0.130847022069 0 
420 228 -0.000917921349 -0.062732473269 0.062739188567 25.421587074633 0.973022043705 -0.000917921349 -0.062732473269 0.062739188567 25.421587074633 0.973022043705 -0.049666258134 -0.100669366933 0.112254437042 0 
36 252 -0.01152171664 0.031379731382 0.033428094411 144.104731295521 0.981158256531 -0.01152171664 0.031379731382 0.033428094411 144.104731295521 0.981158256531 -0.004056568355 -0.01439936335 0.014959860016 0 
60 252 -0.170200755178 0.119556475316 0.207995307286 19.035125048688 0.977816700935 -0.170200755178 0.119556475316 0.207995307286 19.035125048688 0.977816700935 -0.203251255481 0.058476290002 0.211495979505 0 
84 252 -0.706502427749 0.294410565826 0.765390920827 2.87729034534 0.959701240063 -0.706502427749 0.294410565826 0.765390920827 2.87729034534 0.959701240063 -0.421444976104 0.151272377075 0.447771370176 0 
108 252 -0.915787782386 0.466348382089 1.027690651823 1.915884053139 0.957327961922 -0.915787782386 0.466348382089 1.027690651823 1.915884053139 0.957327961922 -0.73463386421 0.343670632759 0.811046495748 0 
132 252 -0.854741728136 0.456449309879 0.968983691455 2.39696141745 0.959875226021 -0.854741728136 0.456449309879 0.968983691455 2.39696141745 0.959875226021 -0.720408996702 0.424354632677 0.836101654587 0 
156 252 -0.248262133477 0.655219553341 0.700675923661 28.956046602666 0.927303195 -0.248262133477 0.655219553341 0.700675923661 28.956046602666 0.927303195 -0.499081021767 0.423136156077 0.654313436258 0 
180 252 -0.187769651361 0.468028220523 0.50428945773 6.093900849455 0.95459997654 -0.187769651361 0.468028220523 0.50428945773 6.093900849455 0.95459997654 -0.187732716778 0.353755599176 0.400482954565 0 
204 252 -0.15591106009 0.263760063415 0.306394565407 1.479805349356 0.977916240692 -0.15591106009 0.263760063415 0.306394565407 1.479805349356 0.977916240692 -0.134384543021 0.241362767606 0.276252042507 0 
228 252 -0.031001892476 0.110023908445 0.114308257648 7.114817897407 0.982433319092 -0.031001892476 0.110023908445 0.114308257648 7.114817897407 0.982433319092 -0.05023960292 0.119216490148 0.129369970336 0 
252 252 0.082843605985 0.009378574437 0.083372781596 69.710414277485 0.976280748844 0.082843605985 0.009378574437 0.083372781596 69.710414277485 0.976280748844 0.01907590337 0.077483724924 0.079797354076 0 
276 252 0.118262821035 0.154392992297 0.194482109485 10.106962253135 0.974318802357 0.118262821035 0.154392992297 0.194482109485 10.106962253135 0.974318802357 0.054678260694 0.105735001557 0.119036140507 0 
300 252 0.080986274507 0.224906906296 0.239043705539 0.492172062131 0.9703810215 0.080986274507 0.224906906296 0.239043705539 0.492172062131 0.9703810215 0.02665880859 0.072085480421 0.076857065797 0 
324 252 -0.008614370326 -0.03273510881 0.033849589731 20.999016627658 0.972922861576 -0.008614370326 -0.03273510881 0.033849589731 20.999016627658 0.972922861576 -0.020032132033 -0.027834210026 0.034293287412 0 
348 252 -0.11341925625 -0.091301479523 0.145601812665 18.699812229707 0.970091104507 -0.11341925625 -0.091301479523 0.145601812665 18.699812229707 0.970091104507 -0.0562381312 -0.088390405037 0.104764455344 0 
372 252 -0.137440105633 -0.08019903344 0.15912783415 26.598681638838 0.96980535984 -0.137440105633 -0.08019903344 0.15912783415 26.598681638838 0.96980535984 -0.063357445214 -0.097053411401 0.115903108365 0 
396 252 -0.147063447963 -0.106218715402 0.1814113371 56.182891746816 0.971233129501 -0.147063447963 -0.106218715402 0.1814113371 56.182891746816 0.971233129501 0.00386047073 -0.109338121007 0.10940625183 0 
420 252 0.137073406948 -0.059281968376 0.149343465431 36.309601456255 0.955863952637 0.137073406948 -0.059281968376 0.149343465431 36.309601456255 0.955863952637 0.071078386675 -0.121622830613 0.140869620496 0 
36 276 -0.026127525319 0.036796448343 0.045128995003 171.541053075242 0.976468801498 -0.026127525319 0.036796448343 0.045128995003 171.541053075242 0.976468801498 0.02615330177 -0.051511029252 0.057770072945 0 
60 276 -0.134831848681 0.021008345397 0.136458704358 4.366740183871 0.973886728287 -0.134831848681 0.021008345397 0.136458704358 4.366740183871 0.973886728287 -0.187597863861 0.014729314558 0.188175214182 0 
84 276 -0.553399847026 0.127565319251 0.567912230335 1.169177851435 0.948401391506 -0.553399847026 0.127565319251 0.567912230335 1.169177851435 0.948401391506 -0.390723623415 0.09850411874 0.402949142328 0 
108 276 -0.629464936662 0.344883963522 0.717754174339 2.188054132954 0.945286691189 -0.629464936662 0.344883963522 0.717754174339 2.188054132954 0.945286691189 -0.540722352588 0.269951224782 0.604362744012 0 
132 276 -0.483376916139 0.453505730127 0.66281271134 2.721308772243 0.951094329357 -0.483376916139 0.453505730127 0.66281271134 2.721308772243 0.951094329357 -0.444940438498 0.379377737355 0.584721695691 0 
156 276 -0.168066939913 0.434582300487 0.465948787088 12.78341796344 0.932879507542 -0.168066939913 0.434582300487 0.465948787088 12.78341796344 0.932879507542 -0.277684287431 0.412825148678 0.497527051393 0 
180 276 -0.077280719379 0.39910120647 0.406514553975 7.306813946707 0.932322740555 -0.077280719379 0.39910120647 0.406514553975 7.306813946707 0.932322740555 -0.120843834752 0.366131708686 0.385558893689 0 
204 276 -0.084352384138 0.222157945212 0.237633072888 7.559422046853 0.945973396301 -0.084352384138 0.222157945212 0.237633072888 7.559422046853 0.945973396301 -0.127672415626 0.236608924899 0.268856893261 0 
228 276 -0.055519338064 0 0.055519338064 66.177091177538 0.970130980015 -0.055519338064 0 0.055519338064 66.177091177538 0.970130980015 -0.039836716702 0.090224207225 0.098627438205 0 
252 276 0.087623864306 -0.08096651733 0.119304310586 70.942733261429 0.973577022552 0.087623864306 -0.08096651733 0.119304310586 70.942733261429 0.973577022552 0.04852620438 0.026023961955 0.055063954702 0 
276 276 0.230609953672 0.032992039698 0.232957990668 11.975543678535 0.974312126637 0.230609953672 0.032992039698 0.232957990668 11.975543678535 0.974312126637 0.103096447951 0.037763192413 0.109794973844 0 
300 276 0.130542221238 0.069066035464 0.147686792844 26.877502575405 0.972001671791 0.130542221238 0.069066035464 0.147686792844 26.877502575405 0.972001671791 0.080731472979 0.001415505588 0.080743881412 0 
324 276 -0.015962079257 -0.040486513448 0.043519486962 35.812895377183 0.971134185791 -0.015962079257 -0.040486513448 0.043519486962 35.812895377183 0.971134185791 0.018266025635 -0.071682820631 0.073973471367 0 
348 276 -0.014110928758 -0.113954887865 0.114825235809 8.33889532742 0.987414300442 -0.014110928758 -0.113954887865 0.114825235809 8.33889532742 0.987414300442 0.002516002245 -0.112608203759 0.112636307739 0 
372 276 0.021437777727 -0.113075545775 0.11508977959 15.197451333557 0.98759329319 0.021437777727 -0.113075545775 0.11508977959 15.197451333557 0.98759329319 0.056041407146 -0.115245597511 0.128149081388 0 
396 276 0.109597627845 -0.139991990799 0.177790318963 17.702238139284 0.978576302528 0.109597627845 -0.139991990799 0.177790318963 17.702238139284 0.978576302528 0.182266361347 -0.124058399227 0.220480187086 0 
420 276 0.513557057006 0.151097545827 0.535323564917 39.696983254525 0.947580754757 0.513557057006 0.151097545827 0.535323564917 39.696983254525 0.947580754757 0.308491315547 -0.132871200944 0.335889338634 0 
36 300 0.18300452115 0.059479303567 0.192427758689 45.960488134081 0.967045068741 0.18300452115 0.059479303567 0.192427758689 45.960488134081 0.967045068741 0.097921729241 -0.0519684454 0.110857495799 0 
60 300 -0.014471183746 -0.064656858087 0.066256505014 56.954373918955 0.979803740978 -0.014471183746 -0.064656858087 0.066256505014 56.954373918955 0.979803740978 -0.077318931687 -0.028800553536 0.082508721243 0 
84 300 -0.205639617554 -0.035402151303 0.208664718207 12.981790753289 0.958449780941 -0.205639617554 -0.035402151303 0.208664718207 12.981790753289 0.958449780941 -0.235698909323 0.013234202965 0.23607015903 0 
108 300 -0.299815136686 0.140595262991 0.331143691109 0.654050665232 0.944517195225 -0.299815136686 0.140595262991 0.331143691109 0.654050665232 0.944517195225 -0.309775470505 0.149603282651 0.34400869801 0 
132 300 -0.183142790899 0.203848537184 0.274035596174 1.748951813223 0.969076573849 -0.183142790899 0.203848537184 0.274035596174 1.748951813223 0.969076573849 -0.238657163267 0.249860086019 0.34552467953 0 
156 300 -0.048923783482 0.261368263376 0.26590770145 8.149070070306 0.956455469131 -0.048923783482 0.261368263376 0.26590770145 8.149070070306 0.956455469131 -0.106805723141 0.314617919392 0.332252761762 0 
180 300 0.009210414596 0.271914456074 0.272070401108 2.000946517692 0.945129275322 0.009210414596 0.271914456074 0.272070401108 2.000946517692 0.945129275322 0.02221588904 0.322477389506 0.323241724516 0 
204 300 0.131819147277 0.143166090501 0.19460939612 49.152365694653 0.946526944637 0.131819147277 0.143166090501 0.19460939612 49.152365694653 0.946526944637 -0.021382434511 0.187227616985 0.188444657837 0 
228 300 -0.011073855707 0.054803689777 0.055911310961 42.451362449224 0.953929901123 -0.011073855707 0.054803689777 0.055911310961 42.451362449224 0.953929901123 0.032383364956 0.053835864814 0.062825016244 0 
252 300 0.09930628258 -0.008206682777 0.099644806197 11.999651964832 0.968768417835 0.09930628258 -0.008206682777 0.099644806197 11.999651964832 0.968768417835 0.101554522338 -0.030513894797 0.106039703804 0 
276 300 0.178133889207 -0.066747083923 0.190228430305 1.552992827997 0.971917271614 0.178133889207 -0.066747083923 0.190228430305 1.552992827997 0.971917271614 0.152630839147 -0.061958512586 0.164727139053 0 
300 300 0.100486406983 -0.071121356376 0.123108754039 6.887035091035 0.965251684189 0.100486406983 -0.071121356376 0.123108754039 6.887035091035 0.965251684189 0.133570286544 -0.072229363712 0.151848946093 0 
324 300 0.04291926088 -0.075611209565 0.086943188154 0.918803270395 0.9722635746 0.04291926088 -0.075611209565 0.086943188154 0.918803270395 0.9722635746 0.052120574167 -0.095351117836 0.108666415806 0 
348 300 0.030281432858 -0.12686934786 0.130433111603 1.209418500046 0.987809181213 0.030281432858 -0.12686934786 0.130433111603 1.209418500046 0.987809181213 0.029741129428 -0.113903028835 0.117721853355 0 
372 300 0.065048825111 -0.133021685661 0.148074705823 10.286515994926 0.987676084042 0.065048825111 -0.133021685661 0.148074705823 10.286515994926 0.987676084042 0.091587127635 -0.124473134742 0.154537255123 0 
396 300 0.197220050935 -0.147831801144 0.24647513043 5.746621778546 0.981065928936 0.197220050935 -0.147831801144 0.24647513043 5.746621778546 0.981065928936 0.216819842616 -0.130834333811 0.253235990838 0 
420 300 0.465630785199 0.030860253408 0.46665231529 25.647271772326 0.95627617836 0.465630785199 0.030860253408 0.46665231529 25.647271772326 0.95627617836 0.342052557597 -0.13719553288 0.368541132577 0 
36 324 0.192684393259 -0.063466667821 0.202867674433 18.25573758114 0.963460206985 0.192684393259 -0.063466667821 0.202867674433 18.25573758114 0.963460206985 0.169076449069 -0.12504909337 0.210295319449 0 
60 324 0.016484604043 -0.149071294655 0.149979975532 21.551420563538 0.981129229069 0.016484604043 -0.149071294655 0.149979975532 21.551420563538 0.981129229069 0.065967196317 -0.124792183176 0.141155091909 0 
84 324 0.009211419406 -0.112506420888 0.112882881733 23.28803208546 0.979954600334 0.009211419406 -0.112506420888 0.112882881733 23.28803208546 0.979954600334 -0.035322900546 -0.104915033563 0.11070172343 0 
108 324 -0.077363771602 0.00752428915 0.077728811156 0.294143137703 0.977002084255 -0.077363771602 0.00752428915 0.077728811156 0.294143137703 0.977002084255 -0.127517217961 0.013063313147 0.128184597464 0 
132 324 -0.07785851489 0.083211282215 0.113956420744 4.539609177081 0.984303951263 -0.07785851489 0.083211282215 0.113956420744 4.539609177081 0.984303951263 -0.097895582153 0.089277523396 0.132491589125 0 
156 324 -0.012529892528 0.061081715913 0.062353622394 12.433153605619 0.970758080482 -0.012529892528 0.061081715913 0.062353622394 12.433153605619 0.970758080482 0.001983394428 0.135163627748 0.135178179154 0 
180 324 0.193579325084 0.131972491068 0.234285495707 16.593260027701 0.967050731182 0.193579325084 0.131972491068 0.234285495707 16.593260027701 0.967050731182 0.118549807557 0.145758138422 0.187881589806 0 
204 324 0.175026228344 0.056276631374 0.183851135018 27.396245555034 0.973308563232 0.175026228344 0.056276631374 0.183851135018 27.396245555034 0.973308563232 0.089082652777 0.089771073727 0.126469619688 0 
228 324 0.100876560282 0.019340641758 0.102713878507 0.564638988847 0.975554764271 0.100876560282 0.019340641758 0.102713878507 0.564638988847 0.975554764271 0.090937677797 0.01836600606 0.092773764727 0 
252 324 0.122094100771 -0.0668103711 0.13917828541 9.04637844723 0.975414097309 0.122094100771 -0.0668103711 0.13917828541 9.04637844723 0.975414097309 0.114651392916 -0.040918610233 0.121734442789 0 
276 324 0.150784342097 -0.084243954723 0.172722209716 1.332656947997 0.973249495029 0.150784342097 -0.084243954723 0.172722209716 1.332656947997 0.973249495029 0.143336328055 -0.07576348702 0.16212775489 0 
300 324 0.08095625481 0.01929466888 0.08322379131 41.856765728412 0.972498178482 0.08095625481 0.01929466888 0.08322379131 41.856765728412 0.972498178482 0.118906092597 -0.064429926117 0.135240061506 0 
324 324 -0.086175275032 0.03803791286 0.094196925861 143.271566428144 0.97878164053 -0.086175275032 0.03803791286 0.094196925861 143.271566428144 0.97878164053 0.048806192239 -0.086423584583 0.099252608898 0 
348 324 0.058657035197 -0.141343158648 0.153031161123 5.8352305555 0.988448262215 0.058657035197 -0.141343158648 0.153031161123 5.8352305555 0.988448262215 0.033475177581 -0.111556721878 0.116470982267 0 
372 324 0.12849335818 -0.15888999229 0.204344250582 3.84144413798 0.987383008003 0.12849335818 -0.15888999229 0.204344250582 3.84144413798 0.987383008003 0.092837204306 -0.131992047053 0.161371146704 0 
396 324 0.239282601324 -0.189116894586 0.304994037834 2.909116285151 0.985625386238 0.239282601324 -0.189116894586 0.304994037834 2.909116285151 0.985625386238 0.206150344565 -0.146568136852 0.252943043598 0 
420 324 0.216930826697 -0.096923148725 0.237598569714 2.692604099664 0.984378576279 0.216930826697 -0.096923148725 0.237598569714 2.692604099664 0.984378576279 0.319463484824 -0.161144226651 0.35780494675 0 
36 348 0.032241728921 -0.195079516768 0.197725938982 39.085265684016 0.983024716377 0.032241728921 -0.195079516768 0.197725938982 39.085265684016 0.983024716377 0.240108427368 -0.212654387704 0.320739684951 0 
60 348 0.203137108652 -0.340631399248 0.396603624625 12.21473763553 0.976689279079 0.203137108652 -0.340631399248 0.396603624625 12.21473763553 0.976689279079 0.215854763486 -0.231276165125 0.316357303495 0 
84 348 0.158245437799 -0.264049920123 0.307837585264 6.236714837133 0.976162433624 0.158245437799 -0.264049920123 0.307837585264 6.236714837133 0.976162433624 0.174123367168 -0.229640134241 0.288190107825 0 
108 348 -0.120601569414 -0.104805355181 0.159777661204 68.561334498333 0.980826497078 -0.120601569414 -0.104805355181 0.159777661204 68.561334498333 0.980826497078 0.045003308674 -0.126715061831 0.134469344783 0 
132 348 -0.042377182285 -0.059618851166 0.07314528688 56.40868154754 0.982335925102 -0.042377182285 -0.059618851166 0.07314528688 56.40868154754 0.982335925102 0.029761660137 -0.077518021486 0.083034932824 0 
156 348 0.167917800316 -0.083867781208 0.18769707613 5.073309693322 0.977373957634 0.167917800316 -0.083867781208 0.18769707613 5.073309693322 0.977373957634 0.098354622654 -0.060540076368 0.115493431173 0 
180 348 0.168144092986 -0.05632101466 0.177325950437 2.870356874904 0.975895345211 0.168144092986 -0.05632101466 0.177325950437 2.870356874904 0.975895345211 0.205538565018 -0.057574099042 0.213449943992 0 
204 348 0.14483807666 -0.036180333431 0.149288596275 9.090847496201 0.980832695961 0.14483807666 -0.036180333431 0.149288596275 9.090847496201 0.980832695961 0.200382761299 -0.017300516598 0.201128215078 0 
228 348 0.121690636373 -0.02959496502 0.125237665802 7.092158180612 0.98249566555 0.121690636373 -0.02959496502 0.125237665802 7.092158180612 0.98249566555 0.146758836874 -0.016920155962 0.147730998367 0 
252 348 0.119848237562 -0.090518995442 0.150190840542 17.696297320042 0.980993211269 0.119848237562 -0.090518995442 0.150190840542 17.696297320042 0.980993211269 0.119761974019 -0.042096697406 0.126945115516 0 
276 348 0.139025033963 -0.098748126484 0.170526105194 4.761071668439 0.977554559708 0.139025033963 -0.098748126484 0.170526105194 4.761071668439 0.977554559708 0.122276036505 -0.072385115341 0.14209515835 0 
300 348 0.107328543558 0.010645553449 0.107855199552 29.633347689446 0.971503317356 0.107328543558 0.010645553449 0.107855199552 29.633347689446 0.971503317356 0.090741297148 -0.040341627143 0.099304732458 0 
324 348 -0.114452399125 -0.030363730445 0.118411603283 103.342289194128 0.981527328491 -0.114452399125 -0.030363730445 0.118411603283 103.342289194128 0.981527328491 0.03805802422 -0.070976885239 0.080536522434 0 
348 348 0.025885851855 -0.119597189338 0.122366519211 4.470113929666 0.989299297333 0.025885851855 -0.119597189338 0.122366519211 4.470113929666 0.989299297333 0.032511009927 -0.108482188514 0.113249066183 0 
372 348 0.102819659482 -0.14380361808 0.176780550256 3.486224627786 0.98576772213 0.102819659482 -0.14380361808 0.176780550256 3.486224627786 0.98576772213 0.087228152214 -0.139169234379 0.164246236902 0 
396 348 0.231965666196 -0.197965491655 0.304956400457 0.874607631168 0.985676050186 0.231965666196 -0.197965491655 0.304956400457 0.874607631168 0.985676050186 0.18643625065 -0.164093513584 0.248364966847 0 
420 348 0.185290209656 -0.132959665384 0.228058620563 2.168712440151 0.986719608307 0.185290209656 -0.132959665384 0.228058620563 2.168712440151 0.986719608307 0.285644349085 -0.18901779279 0.342520685734 0 
